(((((((((C57B6J/mm10:0.000001,
        C57BL_6NJ:0.000001):0.000001,
       NZO_HlLtJ:0.000001):0.000001,
      ((NOD_ShiLtJ:0.000001,
       FVB_NJ:0.000001):0.000001,
      (((DBA_2J:0.000001,
        (CBA_J:0.000001,
        C3H_HeJ:0.000001):0.000001):0.000001,
       AKR_J:0.000001):0.000001,
      (BALB_cJ:0.000001,
      A_J:0.000001):0.000001):0.000001):0.000001):0.000001,
     (LP_J:0.000001,
     129S1_SvImJ:0.000001):0.000001):0.000001,
    WSB_EiJ:0.00001):0.0001,
   CAST_EiJ:0.001):0.000001,
  PWK_PhJ:0.001):0.000001,
 SPRET_EiJ:0.002):0.045,
rat/rn6:0.013);
