utr5
t 0.252296 0.307990 0.118496 0.321218
c 0.235389 0.338210 0.193710 0.232690
a 0.142144 0.217863 0.243693 0.396299
g 0.137965 0.324807 0.210629 0.326599

kozak
#    t        c        a        g    
0.182698 0.336189 0.182145 0.298968 
0.107149 0.410448 0.229593 0.252810 
0.054911 0.090197 0.474295 0.380597 
0.119956 0.398194 0.287544 0.194306 
0.073337 0.470057 0.174314 0.282292 
0.000000 0.000000 1.000000 0.000000 
1.000000 0.000000 0.000000 0.000000 
0.000000 0.000000 0.000000 1.000000 
0.133868 0.149254 0.219458 0.497420 
0.142712 0.398655 0.261839 0.196794 

utr3
t 0.342912 0.195918 0.199899 0.261271
c 0.340419 0.285305 0.315913 0.058362
a 0.244595 0.170402 0.347784 0.237219
g 0.253318 0.219745 0.263971 0.262967

codons
ttt 0.016699
ttc 0.019483
tta 0.007380
ttg 0.012485
tct 0.014886
tcc 0.017084
tca 0.011955
tcg 0.004446
tat 0.012121
tac 0.015348
taa 0.000000
tag 0.000000
tgt 0.009735
tgc 0.012034
tga 0.000000
tgg 0.012228
ctt 0.012622
ctc 0.018457
cta 0.006856
ctg 0.038833
cct 0.018338
ccc 0.019662
cca 0.017819
ccg 0.006932
cat 0.010213
cac 0.014343
caa 0.012308
cag 0.035086
cgt 0.004727
cgc 0.010571
cga 0.006387
cgg 0.011633
att 0.016361
atc 0.021318
ata 0.007198
atg 0.020133
act 0.013259
acc 0.019110
aca 0.015245
acg 0.006304
aat 0.017514
aac 0.019784
aaa 0.024787
aag 0.032851
agt 0.012288
agc 0.019271
aga 0.011508
agg 0.011151
gtt 0.011328
gtc 0.014529
gta 0.007300
gtg 0.028669
gct 0.018657
gcc 0.027879
gca 0.016202
gcg 0.007208
gat 0.023357
gac 0.026370
gaa 0.030657
gag 0.041197
ggt 0.011430
ggc 0.022915
gga 0.017384
ggg 0.016169

