(((((((((((((Caenorhabditis_elegans:0.641433,
            (Caenorhabditis_brenneri:0.487648,
            (Caenorhabditis_remanei:0.443246,
            Caenorhabditis_briggsae:0.445294):0.046415):0.016565):0.005996,
           Caenorhabditis_japonica:0.828929):0.002133,
          Caenorhabditis_tropicalis:0.526296):0.007745,
         Caenorhabditis_angaria:0.983829):0.026638,
        Caenorhabditis_sp5_ju800:0.415189):0.385011,
       Heterorhabditis_bacteriophora:1.35734):0.094631,
      (Strongyloides_ratti:1.37255,
      Panagrellus_redivivus:1.10699):0.139767):0.042557,
     ((Ancylostoma_ceylanicum:0.387375,
      Necator_americanus:0.494722):0.308076,
     Haemonchus_contortus:0.755625):0.31865):0.042645,
    Ascaris_suum:1.32614):0.043353,
   (Pristionchus_exspectatus:0.112444,
   Pristionchus_pacificus:0.099903):0.752898):0.063389,
  ((Meloidogyne_hapla:0.237743,
   Meloidogyne_incognita:0.205426):1.14699,
  Bursaphelenchus_xylophilus:0.685906):0.156962):0.334957,
 (((Dirofilaria_immitis:0.213158,
   Loa_loa:0.198781):0.002227,
  Onchocerca_volvulus:0.16899):0.072741,
 Brugia_malayi:0.174965):1.0837):0.137915,
(Trichinella_spiralis:0.820134,
Trichuris_suis:0.850407):0.137915);
