(((((((((((((ce11:0.641433,
            (caePb3:0.487648,
            (caeRem4:0.443246,
            cb4:0.445294):0.0464154):0.0165647):0.00599635,
           caeJap4:0.828929):0.00213273,
          caeSp111:0.526296):0.00774532,
         caeAng2:0.983829):0.0266384,
        caeSp51:0.415189):0.385011,
       hetBac1:1.35734):0.0946305,
      (strRat2:1.37255,
      panRed1:1.10699):0.139767):0.0425575,
     ((ancCey1:0.387375,
      necAme1:0.494722):0.308076,
     haeCon2:0.755625):0.31865):0.0426445,
    ascSuu1:1.32614):0.0433534,
   (priExs1:0.112444,
   priPac3:0.0999032):0.752898):0.0633886,
  ((melHap1:0.237743,
   melInc2:0.205426):1.14699,
  burXyl1:0.685906):0.156962):0.334957,
 (((dirImm1:0.213158,
   loaLoa1:0.198781):0.00222742,
  oncVol1:0.16899):0.0727414,
 bruMal2:0.174965):1.0837):0.137915,
(triSpi1:0.820134,
triSui1:0.850407):0.137915);
